  0.10000D+01  0.10000D+01  0.10000D+01  0.10000D+01  0.10000D+01  0.10000D+01
  0.00000D+00  0.00000D+00  0.00000D+00
  0.00000D+00  0.00000D+00  0.00000D+00  0.00000D+00  0.00000D+00  0.00000D+00
  0.00000D+00  0.00000D+00  0.00000D+00
  0.39642D+00  0.00000D+00  0.00000D+00  0.10000D+01  0.00000D+00  0.00000D+00
  0.00000D+00  0.41909D+00  0.00000D+00  0.10000D+01  0.00000D+00  0.00000D+00
  0.00000D+00  0.00000D+00  0.43740D+00  0.10000D+01  0.00000D+00  0.00000D+00
  0.20214D+00  0.00000D+00  0.00000D+00  0.00000D+00  0.10000D+01  0.00000D+00
  0.00000D+00  0.22226D+00  0.00000D+00  0.00000D+00  0.10000D+01  0.00000D+00
  0.00000D+00  0.00000D+00  0.21281D+00  0.00000D+00  0.10000D+01  0.00000D+00
  0.35440D+00  0.00000D+00  0.00000D+00  0.00000D+00  0.00000D+00  0.10000D+01
  0.00000D+00  0.38293D+00  0.00000D+00  0.00000D+00  0.00000D+00  0.10000D+01
  0.00000D+00  0.00000D+00  0.38948D+00  0.00000D+00  0.00000D+00  0.10000D+01
  0.10000D+01  0.63716D+00  0.10000D+01  0.58647D+00  0.57502D+00  0.10000D+01
  0.00000D+00  0.00000D+00  0.00000D+00 -0.79951D-01  0.00000D+00  0.00000D+00
  0.00000D+00  0.00000D+00  0.19378D+00  0.00000D+00  0.00000D+00  0.00000D+00
  0.00000D+00  0.00000D+00  0.53930D+00
  0.00000D+00  0.00000D+00  0.00000D+00  0.00000D+00  0.00000D+00  0.00000D+00
  0.00000D+00  0.00000D+00  0.00000D+00
 -0.30583D-01 -0.49285D-01 -0.59171D-01  0.21949D+00  0.25491D+00  0.26218D+00
  0.10000D+01  0.10000D+01  0.10000D+01
  0.10000D+01  0.10000D+01  0.10000D+01  0.00000D+00  0.00000D+00  0.00000D+00
  0.10000D+01  0.10000D+01  0.10000D+01
  0.00000D+00  0.00000D+00  0.00000D+00  0.00000D+00  0.00000D+00  0.00000D+00
  0.00000D+00  0.00000D+00  0.00000D+00
  0.39642D+00  0.00000D+00  0.00000D+00  0.10000D+01  0.00000D+00  0.00000D+00
  0.00000D+00  0.41909D+00  0.00000D+00  0.10000D+01  0.00000D+00  0.00000D+00
  0.00000D+00  0.00000D+00  0.43740D+00  0.10000D+01  0.00000D+00  0.00000D+00
  0.20214D+00  0.00000D+00  0.00000D+00  0.00000D+00  0.10000D+01  0.00000D+00
  0.00000D+00  0.22226D+00  0.00000D+00  0.00000D+00  0.10000D+01  0.00000D+00
  0.00000D+00  0.00000D+00  0.21281D+00  0.00000D+00  0.10000D+01  0.00000D+00
  0.35440D+00  0.00000D+00  0.00000D+00  0.00000D+00  0.00000D+00  0.10000D+01
  0.00000D+00  0.38293D+00  0.00000D+00  0.00000D+00  0.00000D+00  0.10000D+01
  0.00000D+00  0.00000D+00  0.38948D+00  0.00000D+00  0.00000D+00  0.10000D+01
  0.10000D+01  0.63716D+00  0.10000D+01  0.58647D+00  0.57502D+00  0.10000D+01
  0.00000D+00  0.00000D+00  0.00000D+00 -0.79951D-01  0.00000D+00  0.00000D+00
  0.00000D+00  0.00000D+00  0.19378D+00  0.00000D+00  0.00000D+00  0.00000D+00
  0.00000D+00  0.00000D+00  0.53930D+00
  0.00000D+00  0.00000D+00  0.00000D+00  0.00000D+00  0.00000D+00  0.00000D+00
  0.00000D+00  0.00000D+00  0.00000D+00
 -0.30583D-01 -0.49285D-01 -0.59171D-01  0.10000D+01  0.10000D+01  0.10000D+01
  0.45290D+00  0.47387D+00  0.62174D+00
  0.10000D+01  0.10000D+01  0.10000D+01  0.10000D+01  0.10000D+01  0.10000D+01
  0.00000D+00  0.00000D+00  0.00000D+00
  0.00000D+00  0.00000D+00  0.00000D+00  0.00000D+00  0.00000D+00  0.00000D+00
  0.00000D+00  0.00000D+00  0.00000D+00
  0.39642D+00  0.00000D+00  0.00000D+00  0.10000D+01  0.00000D+00  0.00000D+00
  0.00000D+00  0.41909D+00  0.00000D+00  0.10000D+01  0.00000D+00  0.00000D+00
  0.00000D+00  0.00000D+00  0.43740D+00  0.10000D+01  0.00000D+00  0.00000D+00
  0.20214D+00  0.00000D+00  0.00000D+00  0.00000D+00  0.89458D+00  0.00000D+00
  0.00000D+00  0.22226D+00  0.00000D+00  0.00000D+00  0.10000D+01  0.00000D+00
  0.00000D+00  0.00000D+00  0.21281D+00  0.00000D+00  0.10000D+01  0.00000D+00
  0.35440D+00  0.00000D+00  0.00000D+00  0.00000D+00  0.00000D+00  0.10000D+01
  0.00000D+00  0.38293D+00  0.00000D+00  0.00000D+00  0.00000D+00  0.10000D+01
  0.00000D+00  0.00000D+00  0.38948D+00  0.00000D+00  0.00000D+00  0.10000D+01
  0.10000D+01  0.71109D+00  0.10000D+01  0.67451D+00  0.66418D+00  0.10000D+01
  0.00000D+00  0.00000D+00  0.00000D+00 -0.90811D-01  0.00000D+00  0.00000D+00
  0.00000D+00  0.00000D+00  0.19378D+00  0.00000D+00  0.00000D+00  0.00000D+00
  0.00000D+00  0.00000D+00  0.53930D+00
  0.00000D+00  0.00000D+00  0.00000D+00  0.00000D+00  0.00000D+00  0.00000D+00
  0.00000D+00  0.00000D+00  0.00000D+00
 -0.19346D-01 -0.38281D-01 -0.50718D-01  0.23647D+00  0.19215D+00  0.25087D+00
  0.10000D+01  0.10000D+01  0.10000D+01
  0.10000D+01  0.10000D+01  0.10000D+01  0.00000D+00  0.00000D+00  0.00000D+00
  0.10000D+01  0.10000D+01  0.10000D+01
  0.00000D+00  0.00000D+00  0.00000D+00  0.00000D+00  0.00000D+00  0.00000D+00
  0.00000D+00  0.00000D+00  0.00000D+00
  0.39642D+00  0.00000D+00  0.00000D+00  0.10000D+01  0.00000D+00  0.00000D+00
  0.00000D+00  0.41909D+00  0.00000D+00  0.10000D+01  0.00000D+00  0.00000D+00
  0.00000D+00  0.00000D+00  0.43740D+00  0.10000D+01  0.00000D+00  0.00000D+00
  0.20214D+00  0.00000D+00  0.00000D+00  0.00000D+00  0.89458D+00  0.00000D+00
  0.00000D+00  0.22226D+00  0.00000D+00  0.00000D+00  0.10000D+01  0.00000D+00
  0.00000D+00  0.00000D+00  0.21281D+00  0.00000D+00  0.10000D+01  0.00000D+00
  0.35440D+00  0.00000D+00  0.00000D+00  0.00000D+00  0.00000D+00  0.10000D+01
  0.00000D+00  0.38293D+00  0.00000D+00  0.00000D+00  0.00000D+00  0.10000D+01
  0.00000D+00  0.00000D+00  0.38948D+00  0.00000D+00  0.00000D+00  0.10000D+01
  0.10000D+01  0.71109D+00  0.10000D+01  0.67451D+00  0.66418D+00  0.10000D+01
  0.00000D+00  0.00000D+00  0.00000D+00 -0.90811D-01  0.00000D+00  0.00000D+00
  0.00000D+00  0.00000D+00  0.19378D+00  0.00000D+00  0.00000D+00  0.00000D+00
  0.00000D+00  0.00000D+00  0.53930D+00
  0.00000D+00  0.00000D+00  0.00000D+00  0.00000D+00  0.00000D+00  0.00000D+00
  0.00000D+00  0.00000D+00  0.00000D+00
 -0.19346D-01 -0.38281D-01 -0.50718D-01  0.10000D+01  0.10000D+01  0.10000D+01
  0.46063D+00  0.38082D+00  0.46725D+00
  0.10000D+01  0.10000D+01  0.10000D+01  0.10000D+01  0.10000D+01  0.10000D+01
  0.00000D+00  0.00000D+00  0.00000D+00
  0.00000D+00  0.00000D+00  0.00000D+00  0.00000D+00  0.00000D+00  0.00000D+00
  0.00000D+00  0.00000D+00  0.00000D+00
  0.39642D+00  0.00000D+00  0.00000D+00  0.10000D+01  0.00000D+00  0.00000D+00
  0.00000D+00  0.41909D+00  0.00000D+00  0.10000D+01  0.00000D+00  0.00000D+00
  0.00000D+00  0.00000D+00  0.43740D+00  0.10000D+01  0.00000D+00  0.00000D+00
  0.20214D+00  0.00000D+00  0.00000D+00  0.00000D+00  0.10000D+01  0.00000D+00
  0.00000D+00  0.22226D+00  0.00000D+00  0.00000D+00  0.10000D+01  0.00000D+00
  0.00000D+00  0.00000D+00  0.21281D+00  0.00000D+00  0.10000D+01  0.00000D+00
  0.35440D+00  0.00000D+00  0.00000D+00  0.00000D+00  0.00000D+00  0.10000D+01
  0.00000D+00  0.38293D+00  0.00000D+00  0.00000D+00  0.00000D+00  0.10000D+01
  0.00000D+00  0.00000D+00  0.38948D+00  0.00000D+00  0.00000D+00  0.10000D+01
  0.10000D+01  0.74307D+00  0.10000D+01  0.68281D+00  0.70118D+00  0.10000D+01
  0.00000D+00  0.00000D+00  0.00000D+00 -0.98172D-01  0.00000D+00  0.00000D+00
  0.00000D+00  0.00000D+00  0.19378D+00  0.00000D+00  0.00000D+00  0.00000D+00
  0.00000D+00  0.00000D+00  0.53930D+00
  0.00000D+00  0.00000D+00  0.00000D+00  0.00000D+00  0.00000D+00  0.00000D+00
  0.00000D+00  0.00000D+00  0.00000D+00
 -0.13043D-01 -0.31780D-01 -0.44423D-01  0.16705D+00  0.17613D+00  0.24708D+00
  0.10000D+01  0.10000D+01  0.10000D+01
  0.10000D+01  0.10000D+01  0.10000D+01  0.00000D+00  0.00000D+00  0.00000D+00
  0.10000D+01  0.10000D+01  0.10000D+01
  0.00000D+00  0.00000D+00  0.00000D+00  0.00000D+00  0.00000D+00  0.00000D+00
  0.00000D+00  0.00000D+00  0.00000D+00
  0.39642D+00  0.00000D+00  0.00000D+00  0.10000D+01  0.00000D+00  0.00000D+00
  0.00000D+00  0.41909D+00  0.00000D+00  0.10000D+01  0.00000D+00  0.00000D+00
  0.00000D+00  0.00000D+00  0.43740D+00  0.10000D+01  0.00000D+00  0.00000D+00
  0.20214D+00  0.00000D+00  0.00000D+00  0.00000D+00  0.10000D+01  0.00000D+00
  0.00000D+00  0.22226D+00  0.00000D+00  0.00000D+00  0.10000D+01  0.00000D+00
  0.00000D+00  0.00000D+00  0.21281D+00  0.00000D+00  0.10000D+01  0.00000D+00
  0.35440D+00  0.00000D+00  0.00000D+00  0.00000D+00  0.00000D+00  0.10000D+01
  0.00000D+00  0.38293D+00  0.00000D+00  0.00000D+00  0.00000D+00  0.10000D+01
  0.00000D+00  0.00000D+00  0.38948D+00  0.00000D+00  0.00000D+00  0.10000D+01
  0.10000D+01  0.74307D+00  0.10000D+01  0.68281D+00  0.70118D+00  0.10000D+01
  0.00000D+00  0.00000D+00  0.00000D+00 -0.98172D-01  0.00000D+00  0.00000D+00
  0.00000D+00  0.00000D+00  0.19378D+00  0.00000D+00  0.00000D+00  0.00000D+00
  0.00000D+00  0.00000D+00  0.53930D+00
  0.00000D+00  0.00000D+00  0.00000D+00  0.00000D+00  0.00000D+00  0.00000D+00
  0.00000D+00  0.00000D+00  0.00000D+00
 -0.13043D-01 -0.31780D-01 -0.44423D-01  0.10000D+01  0.10000D+01  0.10000D+01
  0.46638D+00  0.42890D+00  0.53369D+00
  0.10000D+01  0.10000D+01  0.10000D+01  0.10000D+01  0.10000D+01  0.10000D+01
  0.00000D+00  0.00000D+00  0.00000D+00
  0.00000D+00  0.00000D+00  0.00000D+00  0.00000D+00  0.00000D+00  0.00000D+00
  0.00000D+00  0.00000D+00  0.00000D+00
  0.39642D+00  0.00000D+00  0.00000D+00  0.10000D+01  0.00000D+00  0.00000D+00
  0.00000D+00  0.41909D+00  0.00000D+00  0.10000D+01  0.00000D+00  0.00000D+00
  0.00000D+00  0.00000D+00  0.43740D+00  0.10000D+01  0.00000D+00  0.00000D+00
  0.20214D+00  0.00000D+00  0.00000D+00  0.00000D+00  0.10000D+01  0.00000D+00
  0.00000D+00  0.22226D+00  0.00000D+00  0.00000D+00  0.10000D+01  0.00000D+00
  0.00000D+00  0.00000D+00  0.23179D+00  0.00000D+00  0.76750D+00  0.00000D+00
  0.35440D+00  0.00000D+00  0.00000D+00  0.00000D+00  0.00000D+00  0.10000D+01
  0.00000D+00  0.38293D+00  0.00000D+00  0.00000D+00  0.00000D+00  0.10000D+01
  0.00000D+00  0.00000D+00  0.38948D+00  0.00000D+00  0.00000D+00  0.10000D+01
  0.10000D+01  0.65337D+00  0.10000D+01  0.60987D+00  0.58329D+00  0.10000D+01
  0.00000D+00  0.00000D+00  0.00000D+00 -0.79951D-01  0.00000D+00  0.00000D+00
  0.00000D+00  0.00000D+00  0.19378D+00  0.00000D+00  0.00000D+00  0.00000D+00
  0.00000D+00  0.00000D+00  0.53930D+00
  0.00000D+00  0.00000D+00  0.00000D+00  0.00000D+00  0.00000D+00  0.00000D+00
  0.00000D+00  0.00000D+00  0.00000D+00
 -0.32221D-01 -0.46557D-01 -0.57942D-01  0.21088D+00  0.22819D+00  0.29208D+00
  0.10000D+01  0.10000D+01  0.10000D+01
  0.10000D+01  0.10000D+01  0.10000D+01  0.00000D+00  0.00000D+00  0.00000D+00
  0.10000D+01  0.10000D+01  0.10000D+01
  0.00000D+00  0.00000D+00  0.00000D+00  0.00000D+00  0.00000D+00  0.00000D+00
  0.00000D+00  0.00000D+00  0.00000D+00
  0.39642D+00  0.00000D+00  0.00000D+00  0.10000D+01  0.00000D+00  0.00000D+00
  0.00000D+00  0.41909D+00  0.00000D+00  0.10000D+01  0.00000D+00  0.00000D+00
  0.00000D+00  0.00000D+00  0.43740D+00  0.10000D+01  0.00000D+00  0.00000D+00
  0.20214D+00  0.00000D+00  0.00000D+00  0.00000D+00  0.10000D+01  0.00000D+00
  0.00000D+00  0.22226D+00  0.00000D+00  0.00000D+00  0.10000D+01  0.00000D+00
  0.00000D+00  0.00000D+00  0.21281D+00  0.00000D+00  0.76750D+00  0.00000D+00
  0.35440D+00  0.00000D+00  0.00000D+00  0.00000D+00  0.00000D+00  0.10000D+01
  0.00000D+00  0.38293D+00  0.00000D+00  0.00000D+00  0.00000D+00  0.10000D+01
  0.00000D+00  0.00000D+00  0.38948D+00  0.00000D+00  0.00000D+00  0.10000D+01
  0.10000D+01  0.65337D+00  0.10000D+01  0.60987D+00  0.58329D+00  0.10000D+01
  0.00000D+00  0.00000D+00  0.00000D+00 -0.79951D-01  0.00000D+00  0.00000D+00
  0.00000D+00  0.00000D+00  0.19378D+00  0.00000D+00  0.00000D+00  0.00000D+00
  0.00000D+00  0.00000D+00  0.53930D+00
  0.00000D+00  0.00000D+00  0.00000D+00  0.00000D+00  0.00000D+00  0.00000D+00
  0.00000D+00  0.00000D+00  0.00000D+00
 -0.32221D-01 -0.46557D-01 -0.57942D-01  0.10000D+01  0.10000D+01  0.10000D+01
  0.43839D+00  0.48503D+00  0.50891D+00
  0.10000D+01  0.10000D+01  0.10000D+01  0.10000D+01  0.10000D+01  0.10000D+01
  0.00000D+00  0.00000D+00  0.00000D+00
  0.00000D+00  0.00000D+00  0.00000D+00  0.00000D+00  0.00000D+00  0.00000D+00
  0.00000D+00  0.00000D+00  0.00000D+00
  0.39642D+00  0.00000D+00  0.00000D+00  0.10000D+01  0.00000D+00  0.00000D+00
  0.00000D+00  0.41909D+00  0.00000D+00  0.10000D+01  0.00000D+00  0.00000D+00
  0.00000D+00  0.00000D+00  0.43740D+00  0.10000D+01  0.00000D+00  0.00000D+00
  0.20214D+00  0.00000D+00  0.00000D+00  0.00000D+00  0.10000D+01  0.00000D+00
  0.00000D+00  0.22226D+00  0.00000D+00  0.00000D+00  0.10000D+01  0.00000D+00
  0.00000D+00  0.00000D+00  0.21281D+00  0.00000D+00  0.10000D+01  0.00000D+00
  0.35440D+00  0.00000D+00  0.00000D+00  0.00000D+00  0.00000D+00  0.10000D+01
  0.00000D+00  0.38293D+00  0.00000D+00  0.00000D+00  0.00000D+00  0.10000D+01
  0.00000D+00  0.00000D+00  0.38948D+00  0.00000D+00  0.00000D+00  0.10000D+01
  0.10000D+01  0.63716D+00  0.10000D+01  0.58647D+00  0.57502D+00  0.10000D+01
  0.00000D+00  0.00000D+00  0.00000D+00 -0.80979D-01  0.00000D+00  0.00000D+00
  0.00000D+00  0.00000D+00  0.19378D+00  0.00000D+00  0.00000D+00  0.00000D+00
  0.00000D+00  0.00000D+00  0.53930D+00
  0.00000D+00  0.00000D+00  0.00000D+00  0.00000D+00  0.00000D+00  0.00000D+00
  0.00000D+00  0.00000D+00  0.00000D+00
 -0.32337D-01 -0.47876D-01 -0.55057D-01  0.31270D+00  0.21978D+00  0.26359D+00
  0.10000D+01  0.10000D+01  0.10000D+01
  0.10000D+01  0.10000D+01  0.10000D+01  0.00000D+00  0.00000D+00  0.00000D+00
  0.10000D+01  0.10000D+01  0.10000D+01
  0.00000D+00  0.00000D+00  0.00000D+00  0.00000D+00  0.00000D+00  0.00000D+00
  0.00000D+00  0.00000D+00  0.00000D+00
  0.39642D+00  0.00000D+00  0.00000D+00  0.10000D+01  0.00000D+00  0.00000D+00
  0.00000D+00  0.41909D+00  0.00000D+00  0.10000D+01  0.00000D+00  0.00000D+00
  0.00000D+00  0.00000D+00  0.43740D+00  0.10000D+01  0.00000D+00  0.00000D+00
  0.20214D+00  0.00000D+00  0.00000D+00  0.00000D+00  0.10000D+01  0.00000D+00
  0.00000D+00  0.22226D+00  0.00000D+00  0.00000D+00  0.10000D+01  0.00000D+00
  0.00000D+00  0.00000D+00  0.21281D+00  0.00000D+00  0.10000D+01  0.00000D+00
  0.35440D+00  0.00000D+00  0.00000D+00  0.00000D+00  0.00000D+00  0.10000D+01
  0.00000D+00  0.38293D+00  0.00000D+00  0.00000D+00  0.00000D+00  0.10000D+01
  0.00000D+00  0.00000D+00  0.38948D+00  0.00000D+00  0.00000D+00  0.78668D+00
  0.10000D+01  0.63716D+00  0.10000D+01  0.58647D+00  0.57502D+00  0.10000D+01
  0.00000D+00  0.00000D+00  0.00000D+00 -0.80979D-01  0.00000D+00  0.00000D+00
  0.00000D+00  0.00000D+00  0.19378D+00  0.00000D+00  0.00000D+00  0.00000D+00
  0.00000D+00  0.00000D+00  0.53930D+00
  0.00000D+00  0.00000D+00  0.00000D+00  0.00000D+00  0.00000D+00  0.00000D+00
  0.00000D+00  0.00000D+00  0.00000D+00
 -0.32337D-01 -0.47876D-01 -0.55057D-01  0.10000D+01  0.10000D+01  0.10000D+01
  0.67304D+00  0.57386D+00  0.78522D+00
  0.10000D+01  0.10000D+01  0.10000D+01  0.10000D+01  0.10000D+01  0.10000D+01
  0.00000D+00  0.00000D+00  0.00000D+00
  0.00000D+00  0.00000D+00  0.00000D+00  0.00000D+00  0.00000D+00  0.00000D+00
  0.00000D+00  0.00000D+00  0.00000D+00
  0.39642D+00  0.00000D+00  0.00000D+00  0.10000D+01  0.00000D+00  0.00000D+00
  0.00000D+00  0.41909D+00  0.00000D+00  0.10000D+01  0.00000D+00  0.00000D+00
  0.00000D+00  0.00000D+00  0.43740D+00  0.10000D+01  0.00000D+00  0.00000D+00
  0.20214D+00  0.00000D+00  0.00000D+00  0.00000D+00  0.10000D+01  0.00000D+00
  0.00000D+00  0.22226D+00  0.00000D+00  0.00000D+00  0.10000D+01  0.00000D+00
  0.00000D+00  0.00000D+00  0.21281D+00  0.00000D+00  0.77060D+00  0.00000D+00
  0.35440D+00  0.00000D+00  0.00000D+00  0.00000D+00  0.00000D+00  0.10000D+01
  0.00000D+00  0.38293D+00  0.00000D+00  0.00000D+00  0.00000D+00  0.10000D+01
  0.00000D+00  0.00000D+00  0.38948D+00  0.00000D+00  0.00000D+00  0.10000D+01
  0.10000D+01  0.56095D+00  0.10000D+01  0.52752D+00  0.50497D+00  0.10000D+01
  0.00000D+00  0.00000D+00  0.00000D+00 -0.71126D-01  0.00000D+00  0.00000D+00
  0.00000D+00  0.00000D+00  0.19378D+00  0.00000D+00  0.00000D+00  0.00000D+00
  0.00000D+00  0.00000D+00  0.53930D+00
  0.00000D+00  0.00000D+00  0.00000D+00  0.00000D+00  0.00000D+00  0.00000D+00
  0.00000D+00  0.00000D+00  0.00000D+00
 -0.40856D-01 -0.57136D-01 -0.72965D-01  0.21801D+00  0.18627D+00  0.31614D+00
  0.10000D+01  0.10000D+01  0.10000D+01
  0.10000D+01  0.10000D+01  0.10000D+01  0.00000D+00  0.00000D+00  0.00000D+00
  0.10000D+01  0.10000D+01  0.10000D+01
  0.00000D+00  0.00000D+00  0.00000D+00  0.00000D+00  0.00000D+00  0.00000D+00
  0.00000D+00  0.00000D+00  0.00000D+00
  0.39642D+00  0.00000D+00  0.00000D+00  0.10000D+01  0.00000D+00  0.00000D+00
  0.00000D+00  0.41909D+00  0.00000D+00  0.10000D+01  0.00000D+00  0.00000D+00
  0.00000D+00  0.00000D+00  0.43740D+00  0.10000D+01  0.00000D+00  0.00000D+00
  0.20214D+00  0.00000D+00  0.00000D+00  0.00000D+00  0.10000D+01  0.00000D+00
  0.00000D+00  0.22226D+00  0.00000D+00  0.00000D+00  0.10000D+01  0.00000D+00
  0.00000D+00  0.00000D+00  0.21281D+00  0.00000D+00  0.10000D+01  0.00000D+00
  0.35440D+00  0.00000D+00  0.00000D+00  0.00000D+00  0.00000D+00  0.10000D+01
  0.00000D+00  0.38293D+00  0.00000D+00  0.00000D+00  0.00000D+00  0.10000D+01
  0.00000D+00  0.00000D+00  0.38948D+00  0.00000D+00  0.00000D+00  0.10000D+01
  0.10000D+01  0.56095D+00  0.10000D+01  0.52752D+00  0.50497D+00  0.10000D+01
  0.00000D+00  0.00000D+00  0.00000D+00 -0.71126D-01  0.00000D+00  0.00000D+00
  0.00000D+00  0.00000D+00  0.19378D+00  0.00000D+00  0.00000D+00  0.00000D+00
  0.00000D+00  0.00000D+00  0.54983D+00
  0.00000D+00  0.00000D+00  0.00000D+00  0.00000D+00  0.00000D+00  0.00000D+00
  0.00000D+00  0.00000D+00  0.00000D+00
 -0.40856D-01 -0.57136D-01 -0.72965D-01  0.10000D+01  0.10000D+01  0.10000D+01
  0.45120D+00  0.48075D+00  0.56981D+00
  0.10000D+01  0.10000D+01  0.10000D+01  0.10000D+01  0.10000D+01  0.10000D+01
  0.00000D+00  0.00000D+00  0.00000D+00
  0.00000D+00  0.00000D+00  0.00000D+00  0.00000D+00  0.00000D+00  0.00000D+00
  0.00000D+00  0.00000D+00  0.00000D+00
  0.39642D+00  0.00000D+00  0.00000D+00  0.10000D+01  0.00000D+00  0.00000D+00
  0.00000D+00  0.41909D+00  0.00000D+00  0.10000D+01  0.00000D+00  0.00000D+00
  0.00000D+00  0.00000D+00  0.43740D+00  0.10000D+01  0.00000D+00  0.00000D+00
  0.20214D+00  0.00000D+00  0.00000D+00  0.00000D+00  0.10000D+01  0.00000D+00
  0.00000D+00  0.22226D+00  0.00000D+00  0.00000D+00  0.10000D+01  0.00000D+00
  0.00000D+00  0.00000D+00  0.21281D+00  0.00000D+00  0.10000D+01  0.00000D+00
  0.35440D+00  0.00000D+00  0.00000D+00  0.00000D+00  0.00000D+00  0.10000D+01
  0.00000D+00  0.38293D+00  0.00000D+00  0.00000D+00  0.00000D+00  0.10000D+01
  0.00000D+00  0.00000D+00  0.38948D+00  0.00000D+00  0.00000D+00  0.10000D+01
  0.10000D+01  0.69808D+00  0.10000D+01  0.64821D+00  0.60567D+00  0.10000D+01
  0.00000D+00  0.00000D+00  0.00000D+00 -0.88939D-01  0.00000D+00  0.00000D+00
  0.00000D+00 -0.15205D-01  0.19378D+00  0.00000D+00  0.00000D+00  0.00000D+00
  0.00000D+00  0.00000D+00  0.53930D+00
  0.00000D+00  0.00000D+00  0.00000D+00  0.00000D+00  0.00000D+00  0.00000D+00
  0.00000D+00  0.00000D+00  0.00000D+00
 -0.24610D-01 -0.38178D-01 -0.56651D-01  0.19110D+00  0.27752D+00  0.29223D+00
  0.10000D+01  0.10000D+01  0.10000D+01
  0.10000D+01  0.10000D+01  0.10000D+01  0.00000D+00  0.00000D+00  0.00000D+00
  0.10000D+01  0.10000D+01  0.10000D+01
  0.00000D+00  0.00000D+00  0.00000D+00  0.00000D+00  0.00000D+00  0.00000D+00
  0.00000D+00  0.00000D+00  0.00000D+00
  0.39642D+00  0.00000D+00  0.00000D+00  0.10000D+01  0.00000D+00  0.00000D+00
  0.00000D+00  0.41909D+00  0.00000D+00  0.10000D+01  0.00000D+00  0.00000D+00
  0.00000D+00  0.00000D+00  0.43740D+00  0.10000D+01  0.00000D+00  0.00000D+00
  0.20214D+00  0.00000D+00  0.00000D+00  0.00000D+00  0.10000D+01  0.00000D+00
  0.00000D+00  0.22226D+00  0.00000D+00  0.00000D+00  0.10000D+01  0.00000D+00
  0.00000D+00  0.00000D+00  0.21281D+00  0.00000D+00  0.10000D+01  0.00000D+00
  0.35440D+00  0.00000D+00  0.00000D+00  0.00000D+00  0.00000D+00  0.10000D+01
  0.00000D+00  0.38293D+00  0.00000D+00  0.00000D+00  0.00000D+00  0.10000D+01
  0.00000D+00  0.00000D+00  0.38948D+00  0.00000D+00  0.00000D+00  0.10000D+01
  0.10000D+01  0.69808D+00  0.10000D+01  0.64821D+00  0.60567D+00  0.10000D+01
  0.00000D+00  0.00000D+00  0.00000D+00 -0.88939D-01  0.00000D+00  0.00000D+00
  0.00000D+00  0.00000D+00  0.19378D+00  0.00000D+00  0.00000D+00  0.00000D+00
  0.00000D+00  0.00000D+00  0.53930D+00
  0.00000D+00  0.00000D+00  0.00000D+00  0.00000D+00  0.00000D+00  0.00000D+00
  0.00000D+00  0.00000D+00  0.00000D+00
 -0.24610D-01 -0.38178D-01 -0.56651D-01  0.10000D+01  0.10000D+01  0.10000D+01
  0.39197D+00  0.56272D+00  0.53876D+00
  0.10000D+01  0.10000D+01  0.10000D+01  0.10000D+01  0.10000D+01  0.10000D+01
  0.00000D+00  0.00000D+00  0.00000D+00
  0.00000D+00  0.00000D+00  0.00000D+00  0.00000D+00  0.00000D+00  0.00000D+00
  0.00000D+00  0.00000D+00  0.00000D+00
  0.39642D+00  0.00000D+00  0.00000D+00  0.10000D+01  0.00000D+00  0.00000D+00
  0.00000D+00  0.41909D+00  0.00000D+00  0.10000D+01  0.00000D+00  0.00000D+00
  0.00000D+00  0.00000D+00  0.43740D+00  0.10000D+01  0.00000D+00  0.00000D+00
  0.20214D+00  0.00000D+00  0.00000D+00  0.00000D+00  0.10000D+01  0.00000D+00
  0.00000D+00  0.22226D+00  0.00000D+00  0.00000D+00  0.10000D+01  0.00000D+00
  0.00000D+00  0.00000D+00  0.21281D+00  0.00000D+00  0.10000D+01  0.00000D+00
  0.35440D+00  0.00000D+00  0.00000D+00  0.00000D+00  0.00000D+00  0.10000D+01
  0.00000D+00  0.38293D+00  0.00000D+00  0.00000D+00  0.00000D+00  0.10000D+01
  0.00000D+00  0.00000D+00  0.38948D+00  0.00000D+00  0.00000D+00  0.10000D+01
  0.10000D+01  0.78597D+00  0.10000D+01  0.73252D+00  0.71694D+00  0.10000D+01
  0.00000D+00  0.00000D+00  0.00000D+00 -0.98190D-01  0.00000D+00  0.00000D+00
  0.00000D+00  0.00000D+00  0.19378D+00  0.00000D+00  0.00000D+00  0.00000D+00
  0.00000D+00  0.00000D+00  0.53930D+00
  0.00000D+00  0.00000D+00  0.00000D+00  0.00000D+00  0.00000D+00  0.00000D+00
  0.00000D+00  0.00000D+00  0.00000D+00
 -0.12408D-01 -0.31327D-01 -0.46547D-01  0.13641D+00  0.18572D+00  0.21670D+00
  0.10000D+01  0.10000D+01  0.10000D+01
  0.10000D+01  0.10000D+01  0.10000D+01  0.00000D+00  0.00000D+00  0.00000D+00
  0.10000D+01  0.10000D+01  0.10000D+01
  0.00000D+00  0.00000D+00  0.00000D+00  0.00000D+00  0.00000D+00  0.00000D+00
  0.00000D+00  0.00000D+00  0.00000D+00
  0.39642D+00  0.00000D+00  0.00000D+00  0.10000D+01  0.00000D+00  0.00000D+00
  0.00000D+00  0.41909D+00  0.00000D+00  0.10000D+01  0.00000D+00  0.00000D+00
  0.00000D+00  0.00000D+00  0.43740D+00  0.10000D+01  0.00000D+00  0.00000D+00
  0.20214D+00  0.00000D+00  0.00000D+00  0.00000D+00  0.10000D+01  0.00000D+00
  0.00000D+00  0.22226D+00  0.00000D+00  0.00000D+00  0.10000D+01  0.00000D+00
  0.00000D+00  0.00000D+00  0.21281D+00  0.00000D+00  0.10000D+01  0.00000D+00
  0.35440D+00  0.00000D+00  0.00000D+00  0.00000D+00  0.00000D+00  0.94016D+00
  0.00000D+00  0.38293D+00  0.00000D+00  0.00000D+00  0.00000D+00  0.10000D+01
  0.00000D+00  0.00000D+00  0.38948D+00  0.00000D+00  0.00000D+00  0.10000D+01
  0.10000D+01  0.78597D+00  0.10000D+01  0.73252D+00  0.71694D+00  0.10000D+01
  0.00000D+00  0.00000D+00  0.00000D+00 -0.98190D-01  0.00000D+00  0.00000D+00
  0.00000D+00  0.00000D+00  0.19378D+00  0.00000D+00  0.00000D+00  0.00000D+00
  0.00000D+00  0.00000D+00  0.53930D+00
  0.00000D+00  0.00000D+00  0.00000D+00  0.00000D+00  0.00000D+00  0.00000D+00
  0.00000D+00  0.00000D+00  0.00000D+00
 -0.12408D-01 -0.31327D-01 -0.46547D-01  0.10000D+01  0.10000D+01  0.10000D+01
  0.37831D+00  0.33375D+00  0.49975D+00
  0.10000D+01  0.10000D+01  0.10000D+01  0.10000D+01  0.10000D+01  0.10000D+01
  0.00000D+00  0.00000D+00  0.00000D+00
  0.00000D+00  0.00000D+00  0.00000D+00  0.00000D+00  0.00000D+00  0.00000D+00
  0.00000D+00  0.00000D+00  0.00000D+00
  0.39642D+00  0.00000D+00  0.00000D+00  0.10000D+01  0.00000D+00  0.00000D+00
  0.00000D+00  0.41909D+00  0.00000D+00  0.10000D+01  0.00000D+00  0.00000D+00
  0.00000D+00  0.00000D+00  0.43740D+00  0.10000D+01  0.00000D+00  0.00000D+00
  0.20214D+00  0.00000D+00  0.00000D+00  0.00000D+00  0.10000D+01  0.00000D+00
  0.00000D+00  0.22226D+00  0.00000D+00  0.00000D+00  0.10000D+01  0.00000D+00
  0.00000D+00  0.00000D+00  0.21281D+00  0.00000D+00  0.10000D+01  0.00000D+00
  0.35440D+00  0.00000D+00  0.00000D+00  0.00000D+00  0.00000D+00  0.10000D+01
  0.00000D+00  0.38293D+00  0.00000D+00  0.00000D+00  0.00000D+00  0.10000D+01
  0.00000D+00  0.00000D+00  0.38948D+00  0.00000D+00  0.00000D+00  0.10000D+01
  0.10000D+01  0.70641D+00  0.10000D+01  0.66134D+00  0.65017D+00  0.10000D+01
  0.00000D+00  0.00000D+00  0.00000D+00 -0.88625D-01  0.00000D+00  0.00000D+00
  0.00000D+00  0.00000D+00  0.19378D+00  0.00000D+00  0.00000D+00  0.00000D+00
  0.00000D+00  0.00000D+00  0.53930D+00
  0.00000D+00  0.00000D+00  0.00000D+00  0.00000D+00  0.00000D+00  0.00000D+00
  0.00000D+00  0.00000D+00  0.00000D+00
 -0.22118D-01 -0.33674D-01 -0.49325D-01  0.24793D+00  0.26813D+00  0.28499D+00
  0.10000D+01  0.10000D+01  0.10000D+01
  0.10000D+01  0.10000D+01  0.10000D+01  0.00000D+00  0.00000D+00  0.00000D+00
  0.10000D+01  0.10000D+01  0.10000D+01
  0.00000D+00  0.00000D+00  0.00000D+00  0.00000D+00  0.00000D+00  0.00000D+00
  0.00000D+00  0.00000D+00  0.00000D+00
  0.39642D+00  0.00000D+00  0.00000D+00  0.10000D+01  0.00000D+00  0.00000D+00
  0.00000D+00  0.41909D+00  0.00000D+00  0.10000D+01  0.00000D+00  0.00000D+00
  0.00000D+00  0.00000D+00  0.43740D+00  0.10000D+01  0.00000D+00  0.00000D+00
  0.20214D+00  0.00000D+00  0.00000D+00  0.00000D+00  0.10000D+01  0.00000D+00
  0.00000D+00  0.22226D+00  0.00000D+00  0.00000D+00  0.10000D+01  0.00000D+00
  0.00000D+00  0.00000D+00  0.21281D+00  0.00000D+00  0.10000D+01  0.00000D+00
  0.35440D+00  0.00000D+00  0.00000D+00  0.00000D+00  0.00000D+00  0.10000D+01
  0.00000D+00  0.38293D+00  0.00000D+00  0.00000D+00  0.00000D+00  0.10000D+01
  0.00000D+00  0.00000D+00  0.38948D+00  0.00000D+00  0.00000D+00  0.10000D+01
  0.10000D+01  0.70641D+00  0.10000D+01  0.66134D+00  0.65017D+00  0.10000D+01
  0.00000D+00  0.00000D+00  0.00000D+00 -0.88625D-01  0.00000D+00  0.00000D+00
  0.00000D+00  0.00000D+00  0.19378D+00  0.00000D+00  0.00000D+00  0.00000D+00
  0.00000D+00  0.00000D+00  0.53930D+00
  0.00000D+00  0.00000D+00  0.00000D+00  0.00000D+00  0.00000D+00  0.00000D+00
  0.00000D+00  0.00000D+00  0.00000D+00
 -0.22118D-01 -0.33674D-01 -0.49325D-01  0.10000D+01  0.10000D+01  0.10000D+01
  0.43026D+00  0.51849D+00  0.61156D+00
  0.10000D+01  0.10000D+01  0.10000D+01  0.10000D+01  0.10000D+01  0.10000D+01
  0.00000D+00  0.00000D+00  0.00000D+00
  0.00000D+00  0.00000D+00  0.00000D+00  0.00000D+00  0.00000D+00  0.00000D+00
  0.00000D+00  0.00000D+00  0.00000D+00
  0.39642D+00  0.00000D+00  0.00000D+00  0.10000D+01  0.00000D+00  0.00000D+00
  0.00000D+00  0.41909D+00  0.00000D+00  0.10000D+01  0.00000D+00  0.00000D+00
  0.00000D+00  0.00000D+00  0.43740D+00  0.10000D+01  0.00000D+00  0.00000D+00
  0.20214D+00  0.00000D+00  0.00000D+00  0.00000D+00  0.10000D+01  0.00000D+00
  0.00000D+00  0.22226D+00  0.00000D+00  0.00000D+00  0.10000D+01  0.00000D+00
  0.00000D+00  0.00000D+00  0.21281D+00  0.00000D+00  0.10000D+01  0.00000D+00
  0.35440D+00  0.00000D+00  0.00000D+00  0.00000D+00  0.00000D+00  0.10000D+01
  0.00000D+00  0.38293D+00  0.00000D+00  0.00000D+00  0.00000D+00  0.10000D+01
  0.00000D+00  0.00000D+00  0.38948D+00  0.00000D+00  0.00000D+00  0.10000D+01
  0.10000D+01  0.55744D+00  0.10000D+01  0.51814D+00  0.50646D+00  0.10000D+01
  0.00000D+00  0.00000D+00  0.00000D+00 -0.67240D-01  0.00000D+00  0.00000D+00
  0.00000D+00  0.00000D+00  0.19378D+00  0.00000D+00  0.00000D+00  0.00000D+00
  0.00000D+00  0.00000D+00  0.53930D+00
  0.00000D+00  0.00000D+00  0.00000D+00  0.00000D+00  0.00000D+00  0.00000D+00
  0.00000D+00  0.00000D+00  0.00000D+00
 -0.43318D-01 -0.56623D-01 -0.68469D-01  0.23494D+00  0.32661D+00  0.30498D+00
  0.10000D+01  0.10000D+01  0.10000D+01
  0.10000D+01  0.10000D+01  0.10000D+01  0.00000D+00  0.00000D+00  0.00000D+00
  0.10000D+01  0.10000D+01  0.10000D+01
  0.00000D+00  0.00000D+00  0.00000D+00  0.00000D+00  0.00000D+00  0.00000D+00
  0.00000D+00  0.00000D+00  0.00000D+00
  0.39642D+00  0.00000D+00  0.00000D+00  0.10000D+01  0.00000D+00  0.00000D+00
  0.00000D+00  0.41909D+00  0.00000D+00  0.10000D+01  0.00000D+00  0.00000D+00
  0.00000D+00  0.00000D+00  0.43740D+00  0.10000D+01  0.00000D+00  0.00000D+00
  0.20214D+00  0.00000D+00  0.00000D+00  0.00000D+00  0.10000D+01  0.00000D+00
  0.00000D+00  0.22226D+00  0.00000D+00  0.00000D+00  0.10000D+01  0.00000D+00
  0.00000D+00  0.00000D+00  0.21281D+00  0.00000D+00  0.10000D+01  0.00000D+00
  0.35440D+00  0.00000D+00  0.00000D+00  0.00000D+00  0.00000D+00  0.10000D+01
  0.00000D+00  0.38293D+00  0.00000D+00  0.00000D+00  0.00000D+00  0.10000D+01
  0.00000D+00  0.00000D+00  0.38948D+00  0.00000D+00  0.00000D+00  0.10000D+01
  0.10000D+01  0.55744D+00  0.10000D+01  0.51814D+00  0.50646D+00  0.10000D+01
  0.00000D+00  0.00000D+00  0.00000D+00 -0.67240D-01  0.00000D+00  0.00000D+00
  0.00000D+00  0.00000D+00  0.19378D+00  0.00000D+00  0.00000D+00  0.00000D+00
  0.00000D+00  0.00000D+00  0.53930D+00
  0.00000D+00  0.00000D+00  0.00000D+00  0.00000D+00  0.00000D+00  0.00000D+00
  0.00000D+00  0.00000D+00  0.00000D+00
 -0.43318D-01 -0.56623D-01 -0.68469D-01  0.10000D+01  0.10000D+01  0.10000D+01
  0.48165D+00  0.60851D+00  0.61001D+00
  0.10000D+01  0.10000D+01  0.10000D+01  0.10000D+01  0.10000D+01  0.10000D+01
  0.00000D+00  0.00000D+00  0.00000D+00
  0.00000D+00  0.00000D+00  0.00000D+00  0.00000D+00  0.00000D+00  0.00000D+00
  0.00000D+00  0.00000D+00  0.00000D+00
  0.39642D+00  0.00000D+00  0.00000D+00  0.10000D+01  0.00000D+00  0.00000D+00
  0.00000D+00  0.41909D+00  0.00000D+00  0.10000D+01  0.00000D+00  0.00000D+00
  0.00000D+00  0.00000D+00  0.43740D+00  0.10000D+01  0.00000D+00  0.00000D+00
  0.20214D+00  0.00000D+00  0.00000D+00  0.00000D+00  0.10000D+01  0.00000D+00
  0.00000D+00  0.22226D+00  0.00000D+00  0.00000D+00  0.10000D+01  0.00000D+00
  0.00000D+00  0.00000D+00  0.21281D+00  0.00000D+00  0.10000D+01  0.00000D+00
  0.35440D+00  0.00000D+00  0.00000D+00  0.00000D+00  0.00000D+00  0.10000D+01
  0.00000D+00  0.38293D+00  0.00000D+00  0.00000D+00  0.00000D+00  0.10000D+01
  0.00000D+00  0.00000D+00  0.38948D+00  0.00000D+00  0.00000D+00  0.10000D+01
  0.10000D+01  0.66541D+00  0.10000D+01  0.59181D+00  0.58901D+00  0.10000D+01
  0.00000D+00  0.00000D+00  0.00000D+00 -0.79951D-01  0.00000D+00  0.00000D+00
  0.00000D+00  0.00000D+00  0.19378D+00  0.00000D+00  0.00000D+00  0.00000D+00
  0.00000D+00  0.00000D+00  0.53930D+00
  0.00000D+00  0.00000D+00  0.00000D+00  0.00000D+00  0.00000D+00  0.00000D+00
  0.00000D+00  0.00000D+00  0.00000D+00
 -0.31703D-01 -0.47086D-01 -0.56652D-01  0.17978D+00  0.18291D+00  0.23256D+00
  0.10000D+01  0.10000D+01  0.10000D+01
  0.10000D+01  0.10000D+01  0.10000D+01  0.00000D+00  0.00000D+00  0.00000D+00
  0.10000D+01  0.10000D+01  0.10000D+01
  0.00000D+00  0.00000D+00  0.00000D+00  0.00000D+00  0.00000D+00  0.00000D+00
  0.00000D+00  0.00000D+00  0.00000D+00
  0.39642D+00  0.00000D+00  0.00000D+00  0.10000D+01  0.00000D+00  0.00000D+00
  0.00000D+00  0.41909D+00  0.00000D+00  0.10000D+01  0.00000D+00  0.00000D+00
  0.00000D+00  0.00000D+00  0.43740D+00  0.10000D+01  0.00000D+00  0.00000D+00
  0.20214D+00  0.00000D+00  0.00000D+00  0.00000D+00  0.10000D+01  0.00000D+00
  0.00000D+00  0.22226D+00  0.00000D+00  0.00000D+00  0.10000D+01  0.00000D+00
  0.00000D+00  0.00000D+00  0.21281D+00  0.00000D+00  0.10000D+01  0.00000D+00
  0.35440D+00  0.00000D+00  0.00000D+00  0.00000D+00  0.00000D+00  0.10000D+01
  0.00000D+00  0.38293D+00  0.00000D+00  0.00000D+00  0.00000D+00  0.10000D+01
  0.00000D+00  0.00000D+00  0.38948D+00  0.00000D+00  0.00000D+00  0.10000D+01
  0.10000D+01  0.66541D+00  0.10000D+01  0.59181D+00  0.58901D+00  0.10000D+01
  0.00000D+00  0.00000D+00  0.00000D+00 -0.79951D-01  0.00000D+00  0.00000D+00
  0.00000D+00  0.00000D+00  0.19378D+00  0.00000D+00  0.00000D+00  0.00000D+00
  0.14862D-01  0.00000D+00  0.53930D+00
  0.00000D+00  0.00000D+00  0.00000D+00  0.00000D+00  0.00000D+00  0.00000D+00
  0.00000D+00  0.00000D+00  0.00000D+00
 -0.31703D-01 -0.47086D-01 -0.56652D-01  0.10000D+01  0.10000D+01  0.10000D+01
  0.43513D+00  0.43899D+00  0.64463D+00
  0.10000D+01  0.10000D+01  0.10000D+01  0.10000D+01  0.10000D+01  0.10000D+01
  0.00000D+00  0.00000D+00  0.00000D+00
  0.00000D+00  0.00000D+00  0.00000D+00  0.00000D+00  0.00000D+00  0.00000D+00
  0.00000D+00  0.00000D+00  0.00000D+00
  0.39642D+00  0.00000D+00  0.00000D+00  0.10000D+01  0.00000D+00  0.00000D+00
  0.00000D+00  0.41909D+00  0.00000D+00  0.10000D+01  0.00000D+00  0.00000D+00
  0.00000D+00  0.00000D+00  0.43740D+00  0.10000D+01  0.00000D+00  0.00000D+00
  0.20214D+00  0.00000D+00  0.00000D+00  0.00000D+00  0.10000D+01  0.00000D+00
  0.00000D+00  0.22226D+00  0.00000D+00  0.00000D+00  0.10000D+01  0.00000D+00
  0.00000D+00  0.00000D+00  0.21281D+00  0.00000D+00  0.10000D+01  0.00000D+00
  0.35440D+00  0.00000D+00  0.00000D+00  0.00000D+00  0.00000D+00  0.10000D+01
  0.00000D+00  0.38293D+00  0.00000D+00  0.00000D+00  0.00000D+00  0.10000D+01
  0.00000D+00  0.00000D+00  0.38948D+00  0.00000D+00  0.00000D+00  0.10000D+01
  0.10000D+01  0.75601D+00  0.10000D+01  0.66808D+00  0.66194D+00  0.10000D+01
  0.00000D+00  0.00000D+00  0.00000D+00 -0.87504D-01  0.00000D+00  0.00000D+00
  0.00000D+00  0.00000D+00  0.19378D+00  0.00000D+00  0.00000D+00  0.00000D+00
  0.00000D+00  0.00000D+00  0.53930D+00
  0.00000D+00  0.00000D+00  0.00000D+00  0.00000D+00  0.00000D+00  0.00000D+00
  0.00000D+00  0.00000D+00  0.00000D+00
 -0.17422D-01 -0.30863D-01 -0.44573D-01  0.25947D+00  0.32966D+00  0.32486D+00
  0.10000D+01  0.10000D+01  0.10000D+01
  0.10000D+01  0.10000D+01  0.10000D+01  0.00000D+00  0.00000D+00  0.00000D+00
  0.10000D+01  0.10000D+01  0.10000D+01
  0.00000D+00  0.00000D+00  0.00000D+00  0.00000D+00  0.00000D+00  0.00000D+00
  0.00000D+00  0.00000D+00  0.00000D+00
  0.39642D+00  0.00000D+00  0.00000D+00  0.10000D+01  0.00000D+00  0.00000D+00
  0.00000D+00  0.41909D+00  0.00000D+00  0.10000D+01  0.00000D+00  0.00000D+00
  0.00000D+00  0.00000D+00  0.43740D+00  0.10000D+01  0.00000D+00  0.00000D+00
  0.20214D+00  0.00000D+00  0.00000D+00  0.00000D+00  0.10000D+01  0.00000D+00
  0.00000D+00  0.22226D+00  0.00000D+00  0.00000D+00  0.10000D+01  0.00000D+00
  0.00000D+00  0.00000D+00  0.21281D+00  0.00000D+00  0.10000D+01  0.00000D+00
  0.35440D+00  0.00000D+00  0.00000D+00  0.00000D+00  0.00000D+00  0.10000D+01
  0.00000D+00  0.38293D+00  0.00000D+00  0.00000D+00  0.00000D+00  0.10000D+01
  0.00000D+00  0.00000D+00  0.38948D+00  0.00000D+00  0.00000D+00  0.10000D+01
  0.10000D+01  0.75601D+00  0.10000D+01  0.66808D+00  0.66194D+00  0.10000D+01
  0.00000D+00  0.00000D+00  0.00000D+00 -0.87504D-01  0.00000D+00  0.00000D+00
  0.00000D+00  0.00000D+00  0.19378D+00  0.00000D+00  0.00000D+00  0.00000D+00
  0.00000D+00  0.00000D+00  0.53930D+00
  0.00000D+00  0.00000D+00  0.00000D+00  0.00000D+00  0.00000D+00  0.00000D+00
  0.00000D+00  0.00000D+00  0.00000D+00
 -0.17422D-01 -0.30863D-01 -0.44573D-01  0.10000D+01  0.10000D+01  0.10000D+01
  0.56899D+00  0.64529D+00  0.74409D+00
  0.10000D+01  0.10000D+01  0.10000D+01  0.10000D+01  0.10000D+01  0.10000D+01
  0.00000D+00  0.00000D+00  0.00000D+00
  0.00000D+00  0.00000D+00  0.00000D+00  0.00000D+00  0.00000D+00  0.00000D+00
  0.00000D+00  0.00000D+00  0.00000D+00
  0.39642D+00  0.00000D+00  0.00000D+00  0.10000D+01  0.00000D+00  0.00000D+00
  0.00000D+00  0.41909D+00  0.00000D+00  0.10000D+01  0.00000D+00  0.00000D+00
  0.00000D+00  0.00000D+00  0.43740D+00  0.10000D+01  0.00000D+00  0.00000D+00
  0.20214D+00  0.00000D+00  0.00000D+00  0.00000D+00  0.10000D+01  0.00000D+00
  0.00000D+00  0.22226D+00  0.00000D+00  0.00000D+00  0.10000D+01  0.00000D+00
  0.00000D+00  0.00000D+00  0.21281D+00  0.00000D+00  0.10000D+01  0.00000D+00
  0.35440D+00  0.00000D+00  0.00000D+00  0.00000D+00  0.00000D+00  0.10000D+01
  0.00000D+00  0.38293D+00  0.00000D+00  0.00000D+00  0.00000D+00  0.10000D+01
  0.00000D+00  0.00000D+00  0.38948D+00  0.00000D+00  0.00000D+00  0.10000D+01
  0.10000D+01  0.47872D+00  0.10000D+01  0.42757D+00  0.45506D+00  0.10000D+01
  0.00000D+00  0.00000D+00  0.00000D+00 -0.56864D-01  0.00000D+00  0.00000D+00
  0.00000D+00  0.00000D+00  0.19378D+00  0.00000D+00  0.00000D+00  0.00000D+00
  0.00000D+00  0.00000D+00  0.53930D+00
  0.00000D+00  0.00000D+00  0.00000D+00  0.00000D+00  0.00000D+00  0.00000D+00
  0.00000D+00  0.00000D+00  0.00000D+00
 -0.53024D-01 -0.59354D-01 -0.71445D-01  0.34641D+00  0.29483D+00  0.35030D+00
  0.10000D+01  0.10000D+01  0.10000D+01
  0.10000D+01  0.10000D+01  0.10000D+01  0.00000D+00  0.00000D+00  0.00000D+00
  0.10000D+01  0.10000D+01  0.10000D+01
  0.00000D+00  0.00000D+00  0.00000D+00  0.00000D+00  0.00000D+00  0.00000D+00
  0.00000D+00  0.00000D+00  0.00000D+00
  0.39642D+00  0.00000D+00  0.00000D+00  0.10000D+01  0.00000D+00  0.00000D+00
  0.00000D+00  0.41909D+00  0.00000D+00  0.10000D+01  0.00000D+00  0.00000D+00
  0.00000D+00  0.00000D+00  0.43740D+00  0.10000D+01  0.00000D+00  0.00000D+00
  0.20214D+00  0.00000D+00  0.00000D+00  0.00000D+00  0.10000D+01  0.00000D+00
  0.00000D+00  0.22226D+00  0.00000D+00  0.00000D+00  0.10000D+01  0.00000D+00
  0.00000D+00  0.00000D+00  0.21281D+00  0.00000D+00  0.10000D+01  0.00000D+00
  0.35440D+00  0.00000D+00  0.00000D+00  0.00000D+00  0.00000D+00  0.10000D+01
  0.00000D+00  0.38293D+00  0.00000D+00  0.00000D+00  0.00000D+00  0.10000D+01
  0.00000D+00  0.00000D+00  0.38948D+00  0.00000D+00  0.00000D+00  0.10000D+01
  0.10000D+01  0.47872D+00  0.10000D+01  0.42757D+00  0.45506D+00  0.10000D+01
  0.00000D+00  0.00000D+00  0.00000D+00 -0.56864D-01  0.00000D+00  0.00000D+00
  0.00000D+00  0.00000D+00  0.19378D+00  0.00000D+00  0.00000D+00  0.00000D+00
  0.00000D+00  0.00000D+00  0.53930D+00
  0.00000D+00  0.00000D+00  0.00000D+00  0.00000D+00  0.00000D+00  0.00000D+00
  0.00000D+00  0.00000D+00  0.00000D+00
 -0.53024D-01 -0.59354D-01 -0.71445D-01  0.10000D+01  0.10000D+01  0.10000D+01
  0.82606D+00  0.66076D+00  0.80669D+00
  0.10000D+01  0.10000D+01  0.10000D+01  0.10000D+01  0.10000D+01  0.10000D+01
  0.00000D+00  0.00000D+00  0.00000D+00
  0.00000D+00  0.00000D+00  0.00000D+00  0.00000D+00  0.00000D+00  0.00000D+00
  0.00000D+00  0.00000D+00  0.00000D+00
  0.39642D+00  0.00000D+00  0.00000D+00  0.10000D+01  0.00000D+00  0.00000D+00
  0.00000D+00  0.41909D+00  0.00000D+00  0.10000D+01  0.00000D+00  0.00000D+00
  0.00000D+00  0.00000D+00  0.43740D+00  0.10000D+01  0.00000D+00  0.00000D+00
  0.20214D+00  0.00000D+00  0.00000D+00  0.00000D+00  0.10000D+01  0.00000D+00
  0.00000D+00  0.22226D+00  0.00000D+00  0.00000D+00  0.10000D+01  0.00000D+00
  0.00000D+00  0.00000D+00  0.21281D+00  0.00000D+00  0.10000D+01  0.00000D+00
  0.35440D+00  0.00000D+00  0.00000D+00  0.00000D+00  0.00000D+00  0.10000D+01
  0.00000D+00  0.38293D+00  0.00000D+00  0.00000D+00  0.00000D+00  0.10000D+01
  0.00000D+00  0.00000D+00  0.38948D+00  0.00000D+00  0.00000D+00  0.10000D+01
  0.10000D+01  0.59423D+00  0.10000D+01  0.56529D+00  0.53709D+00  0.10000D+01
  0.00000D+00  0.00000D+00  0.00000D+00 -0.81016D-01  0.00000D+00  0.00000D+00
  0.00000D+00  0.00000D+00  0.19378D+00  0.00000D+00  0.00000D+00  0.00000D+00
  0.00000D+00  0.00000D+00  0.53930D+00
  0.00000D+00  0.00000D+00  0.00000D+00  0.00000D+00  0.00000D+00  0.00000D+00
  0.00000D+00  0.00000D+00  0.00000D+00
 -0.36728D-01 -0.52260D-01 -0.67988D-01  0.26723D+00  0.32387D+00  0.25429D+00
  0.10000D+01  0.10000D+01  0.10000D+01
  0.10000D+01  0.10000D+01  0.10000D+01  0.00000D+00  0.00000D+00  0.00000D+00
  0.10000D+01  0.10000D+01  0.10000D+01
  0.00000D+00  0.00000D+00  0.00000D+00  0.00000D+00  0.00000D+00  0.00000D+00
  0.00000D+00  0.00000D+00  0.00000D+00
  0.39642D+00  0.00000D+00  0.00000D+00  0.10000D+01  0.00000D+00  0.00000D+00
  0.00000D+00  0.41909D+00  0.00000D+00  0.10000D+01  0.00000D+00  0.00000D+00
  0.00000D+00  0.00000D+00  0.43740D+00  0.10000D+01  0.00000D+00  0.00000D+00
  0.20214D+00  0.00000D+00  0.00000D+00  0.00000D+00  0.10000D+01  0.00000D+00
  0.00000D+00  0.22226D+00  0.00000D+00  0.00000D+00  0.10000D+01  0.00000D+00
  0.00000D+00  0.00000D+00  0.21281D+00  0.00000D+00  0.10000D+01  0.00000D+00
  0.35440D+00  0.00000D+00  0.00000D+00  0.00000D+00  0.00000D+00  0.10000D+01
  0.00000D+00  0.38293D+00  0.00000D+00  0.00000D+00  0.00000D+00  0.10000D+01
  0.00000D+00  0.00000D+00  0.38948D+00  0.00000D+00  0.00000D+00  0.10000D+01
  0.10000D+01  0.59423D+00  0.10000D+01  0.56529D+00  0.53709D+00  0.10000D+01
  0.00000D+00  0.00000D+00  0.00000D+00 -0.81016D-01  0.00000D+00  0.00000D+00
  0.00000D+00  0.00000D+00  0.19378D+00  0.00000D+00  0.00000D+00  0.00000D+00
  0.00000D+00  0.00000D+00  0.53930D+00
  0.00000D+00  0.00000D+00  0.00000D+00  0.00000D+00  0.00000D+00  0.00000D+00
  0.00000D+00  0.00000D+00  0.00000D+00
 -0.36728D-01 -0.52260D-01 -0.67988D-01  0.10000D+01  0.10000D+01  0.10000D+01
  0.44064D+00  0.56491D+00  0.65343D+00
  0.10000D+01  0.10000D+01  0.10000D+01  0.10000D+01  0.10000D+01  0.10000D+01
  0.00000D+00  0.00000D+00  0.00000D+00
  0.00000D+00  0.00000D+00  0.00000D+00  0.00000D+00  0.00000D+00  0.00000D+00
  0.00000D+00  0.00000D+00  0.00000D+00
  0.39642D+00  0.00000D+00  0.00000D+00  0.10000D+01  0.00000D+00  0.00000D+00
  0.00000D+00  0.41909D+00  0.00000D+00  0.10000D+01  0.00000D+00  0.00000D+00
  0.00000D+00  0.00000D+00  0.43740D+00  0.10000D+01  0.00000D+00  0.00000D+00
  0.20214D+00  0.00000D+00  0.00000D+00  0.00000D+00  0.10000D+01  0.00000D+00
  0.00000D+00  0.22226D+00  0.00000D+00  0.00000D+00  0.10000D+01  0.00000D+00
  0.00000D+00  0.00000D+00  0.21281D+00  0.00000D+00  0.10000D+01  0.00000D+00
  0.35440D+00  0.00000D+00  0.00000D+00  0.00000D+00  0.00000D+00  0.10000D+01
  0.00000D+00  0.38293D+00  0.00000D+00  0.00000D+00  0.00000D+00  0.10000D+01
  0.00000D+00  0.00000D+00  0.38948D+00  0.00000D+00  0.00000D+00  0.10000D+01
  0.10000D+01  0.67799D+00  0.10000D+01  0.63180D+00  0.62496D+00  0.10000D+01
  0.00000D+00  0.00000D+00  0.00000D+00 -0.88391D-01  0.00000D+00  0.00000D+00
  0.00000D+00  0.00000D+00  0.19378D+00  0.00000D+00  0.00000D+00  0.00000D+00
  0.00000D+00  0.00000D+00  0.53930D+00
  0.00000D+00  0.00000D+00  0.00000D+00  0.00000D+00  0.00000D+00  0.00000D+00
  0.00000D+00  0.00000D+00  0.00000D+00
 -0.17224D-01 -0.44397D-01 -0.54250D-01  0.20836D+00  0.24611D+00  0.18581D+00
  0.10000D+01  0.10000D+01  0.10000D+01
  0.10000D+01  0.10000D+01  0.10000D+01  0.00000D+00  0.00000D+00  0.00000D+00
  0.10000D+01  0.10000D+01  0.10000D+01
  0.00000D+00  0.00000D+00  0.00000D+00  0.00000D+00  0.00000D+00  0.00000D+00
  0.00000D+00  0.00000D+00  0.00000D+00
  0.39642D+00  0.00000D+00  0.00000D+00  0.10000D+01  0.00000D+00  0.00000D+00
  0.00000D+00  0.41909D+00  0.00000D+00  0.10000D+01  0.00000D+00  0.00000D+00
  0.00000D+00  0.00000D+00  0.43740D+00  0.10000D+01  0.00000D+00  0.00000D+00
  0.20214D+00  0.00000D+00  0.00000D+00  0.00000D+00  0.10000D+01  0.00000D+00
  0.00000D+00  0.22226D+00  0.00000D+00  0.00000D+00  0.10000D+01  0.00000D+00
  0.00000D+00  0.00000D+00  0.21281D+00  0.00000D+00  0.10000D+01  0.00000D+00
  0.35440D+00  0.00000D+00  0.00000D+00  0.00000D+00  0.00000D+00  0.10000D+01
  0.00000D+00  0.38293D+00  0.00000D+00  0.00000D+00  0.00000D+00  0.10000D+01
  0.00000D+00  0.00000D+00  0.38948D+00  0.00000D+00  0.00000D+00  0.10000D+01
  0.10000D+01  0.67799D+00  0.10000D+01  0.63180D+00  0.62496D+00  0.10000D+01
  0.00000D+00  0.00000D+00  0.00000D+00 -0.88391D-01  0.00000D+00  0.00000D+00
  0.00000D+00  0.00000D+00  0.19378D+00  0.00000D+00  0.00000D+00  0.00000D+00
  0.00000D+00  0.00000D+00  0.53930D+00
  0.00000D+00  0.00000D+00  0.00000D+00  0.00000D+00  0.00000D+00  0.00000D+00
  0.00000D+00  0.00000D+00  0.00000D+00
 -0.17224D-01 -0.44397D-01 -0.54250D-01  0.10000D+01  0.10000D+01  0.10000D+01
  0.47436D+00  0.50944D+00  0.49670D+00
  0.10000D+01  0.10000D+01  0.10000D+01  0.10000D+01  0.10000D+01  0.10000D+01
  0.00000D+00  0.00000D+00  0.00000D+00
  0.00000D+00  0.00000D+00  0.00000D+00  0.00000D+00  0.00000D+00  0.00000D+00
  0.00000D+00  0.00000D+00  0.00000D+00
  0.39642D+00  0.00000D+00  0.00000D+00  0.10000D+01  0.00000D+00  0.00000D+00
  0.00000D+00  0.41909D+00  0.00000D+00  0.10000D+01  0.00000D+00  0.00000D+00
  0.00000D+00  0.00000D+00  0.43740D+00  0.10000D+01  0.00000D+00  0.00000D+00
  0.20214D+00  0.00000D+00  0.00000D+00  0.00000D+00  0.10000D+01  0.00000D+00
  0.00000D+00  0.22226D+00  0.00000D+00  0.00000D+00  0.10000D+01  0.00000D+00
  0.00000D+00  0.00000D+00  0.21281D+00  0.00000D+00  0.10000D+01  0.00000D+00
  0.35440D+00  0.00000D+00  0.00000D+00  0.00000D+00  0.00000D+00  0.10000D+01
  0.00000D+00  0.38293D+00  0.00000D+00  0.00000D+00  0.00000D+00  0.10000D+01
  0.00000D+00  0.00000D+00  0.38948D+00  0.00000D+00  0.00000D+00  0.10000D+01
  0.10000D+01  0.69349D+00  0.10000D+01  0.64818D+00  0.62618D+00  0.10000D+01
  0.00000D+00  0.00000D+00  0.00000D+00 -0.89185D-01  0.00000D+00  0.00000D+00
  0.00000D+00  0.00000D+00  0.19378D+00  0.00000D+00  0.00000D+00  0.00000D+00
  0.00000D+00  0.00000D+00  0.53930D+00
  0.00000D+00  0.00000D+00  0.00000D+00  0.00000D+00  0.00000D+00  0.00000D+00
  0.00000D+00  0.00000D+00  0.00000D+00
 -0.26519D-01 -0.40816D-01 -0.52880D-01  0.20007D+00  0.18042D+00  0.22773D+00
  0.10000D+01  0.10000D+01  0.10000D+01
  0.10000D+01  0.10000D+01  0.10000D+01  0.00000D+00  0.00000D+00  0.00000D+00
  0.10000D+01  0.10000D+01  0.10000D+01
  0.00000D+00  0.00000D+00  0.00000D+00  0.00000D+00  0.00000D+00  0.00000D+00
  0.00000D+00  0.00000D+00  0.00000D+00
  0.39642D+00  0.00000D+00  0.00000D+00  0.10000D+01  0.00000D+00  0.00000D+00
  0.00000D+00  0.41909D+00  0.00000D+00  0.10000D+01  0.00000D+00  0.00000D+00
  0.00000D+00  0.00000D+00  0.43740D+00  0.10000D+01  0.00000D+00  0.00000D+00
  0.20214D+00  0.00000D+00  0.00000D+00  0.00000D+00  0.10000D+01  0.00000D+00
  0.00000D+00  0.22226D+00  0.00000D+00  0.00000D+00  0.10000D+01  0.00000D+00
  0.00000D+00  0.00000D+00  0.21281D+00  0.00000D+00  0.10000D+01  0.00000D+00
  0.35440D+00  0.00000D+00  0.00000D+00  0.00000D+00  0.00000D+00  0.10000D+01
  0.00000D+00  0.38293D+00  0.00000D+00  0.00000D+00  0.00000D+00  0.10000D+01
  0.00000D+00  0.00000D+00  0.38948D+00  0.00000D+00  0.00000D+00  0.10000D+01
  0.10000D+01  0.69349D+00  0.10000D+01  0.64818D+00  0.62618D+00  0.10000D+01
  0.00000D+00  0.00000D+00  0.00000D+00 -0.89185D-01  0.00000D+00  0.00000D+00
  0.00000D+00  0.00000D+00  0.19378D+00  0.00000D+00  0.00000D+00  0.00000D+00
  0.00000D+00  0.00000D+00  0.62570D+00
  0.00000D+00  0.00000D+00  0.00000D+00  0.00000D+00  0.00000D+00  0.00000D+00
  0.00000D+00  0.00000D+00  0.00000D+00
 -0.26519D-01 -0.40816D-01 -0.52880D-01  0.10000D+01  0.10000D+01  0.10000D+01
  0.46771D+00  0.39104D+00  0.59316D+00
  0.10000D+01  0.10000D+01  0.10000D+01  0.10000D+01  0.10000D+01  0.10000D+01
  0.00000D+00  0.00000D+00  0.00000D+00
  0.00000D+00  0.00000D+00  0.00000D+00  0.00000D+00  0.00000D+00  0.00000D+00
  0.00000D+00  0.00000D+00  0.00000D+00
  0.39642D+00  0.00000D+00  0.00000D+00  0.10000D+01  0.00000D+00  0.00000D+00
  0.00000D+00  0.41909D+00  0.00000D+00  0.10000D+01  0.00000D+00  0.00000D+00
  0.00000D+00  0.00000D+00  0.43740D+00  0.10000D+01  0.00000D+00  0.00000D+00
  0.20214D+00  0.00000D+00  0.00000D+00  0.00000D+00  0.10000D+01  0.00000D+00
  0.00000D+00  0.22226D+00  0.00000D+00  0.00000D+00  0.10000D+01  0.00000D+00
  0.00000D+00  0.00000D+00  0.21281D+00  0.00000D+00  0.10000D+01  0.00000D+00
  0.35440D+00  0.00000D+00  0.00000D+00  0.00000D+00  0.00000D+00  0.10000D+01
  0.00000D+00  0.38293D+00  0.00000D+00  0.00000D+00  0.00000D+00  0.10000D+01
  0.00000D+00  0.00000D+00  0.38948D+00  0.00000D+00  0.00000D+00  0.10000D+01
  0.10000D+01  0.52040D+00  0.10000D+01  0.45457D+00  0.45939D+00  0.10000D+01
  0.00000D+00  0.00000D+00  0.00000D+00 -0.65382D-01  0.00000D+00  0.00000D+00
  0.00000D+00  0.00000D+00  0.19378D+00  0.00000D+00  0.00000D+00  0.00000D+00
  0.00000D+00  0.00000D+00  0.53930D+00
  0.00000D+00  0.00000D+00  0.00000D+00  0.00000D+00  0.00000D+00  0.00000D+00
  0.00000D+00  0.00000D+00  0.00000D+00
 -0.56310D-01 -0.72105D-01 -0.76763D-01  0.29804D+00  0.36037D+00  0.28365D+00
  0.10000D+01  0.10000D+01  0.10000D+01
  0.10000D+01  0.10000D+01  0.10000D+01  0.00000D+00  0.00000D+00  0.00000D+00
  0.10000D+01  0.10000D+01  0.10000D+01
  0.00000D+00  0.00000D+00  0.00000D+00  0.00000D+00  0.00000D+00  0.00000D+00
  0.00000D+00  0.00000D+00  0.00000D+00
  0.39642D+00  0.00000D+00  0.00000D+00  0.10000D+01  0.00000D+00  0.00000D+00
  0.00000D+00  0.41909D+00  0.00000D+00  0.10000D+01  0.00000D+00  0.00000D+00
  0.00000D+00  0.00000D+00  0.43740D+00  0.10000D+01  0.00000D+00  0.00000D+00
  0.20214D+00  0.00000D+00  0.00000D+00  0.00000D+00  0.10000D+01  0.00000D+00
  0.00000D+00  0.22226D+00  0.00000D+00  0.00000D+00  0.10000D+01  0.00000D+00
  0.00000D+00  0.00000D+00  0.21281D+00  0.00000D+00  0.10000D+01  0.00000D+00
  0.35440D+00  0.00000D+00  0.00000D+00  0.00000D+00  0.00000D+00  0.10000D+01
  0.00000D+00  0.38293D+00  0.00000D+00  0.00000D+00  0.00000D+00  0.10000D+01
  0.00000D+00  0.00000D+00  0.38948D+00  0.00000D+00  0.00000D+00  0.10000D+01
  0.10000D+01  0.52040D+00  0.10000D+01  0.45457D+00  0.45939D+00  0.10000D+01
  0.00000D+00  0.00000D+00  0.00000D+00 -0.65382D-01  0.00000D+00  0.00000D+00
  0.00000D+00  0.00000D+00  0.19378D+00  0.00000D+00  0.00000D+00  0.00000D+00
  0.00000D+00  0.00000D+00  0.53930D+00
  0.00000D+00  0.00000D+00  0.00000D+00  0.00000D+00  0.00000D+00  0.00000D+00
  0.00000D+00  0.00000D+00  0.00000D+00
 -0.56310D-01 -0.72105D-01 -0.76763D-01  0.10000D+01  0.10000D+01  0.10000D+01
  0.74423D+00  0.72900D+00  0.90176D+00
  0.10000D+01  0.10000D+01  0.10000D+01  0.10000D+01  0.10000D+01  0.10000D+01
  0.00000D+00  0.00000D+00  0.00000D+00
  0.00000D+00  0.00000D+00  0.00000D+00  0.00000D+00  0.00000D+00  0.00000D+00
  0.00000D+00  0.00000D+00  0.00000D+00
  0.39642D+00  0.00000D+00  0.00000D+00  0.10000D+01  0.00000D+00  0.00000D+00
  0.00000D+00  0.41909D+00  0.00000D+00  0.10000D+01  0.00000D+00  0.00000D+00
  0.00000D+00  0.00000D+00  0.43740D+00  0.10000D+01  0.00000D+00  0.00000D+00
  0.20214D+00  0.00000D+00  0.00000D+00  0.00000D+00  0.10000D+01  0.00000D+00
  0.00000D+00  0.17402D+00  0.00000D+00  0.00000D+00  0.10000D+01  0.00000D+00
  0.00000D+00  0.00000D+00  0.21281D+00  0.00000D+00  0.10000D+01  0.00000D+00
  0.35440D+00  0.00000D+00  0.00000D+00  0.00000D+00  0.00000D+00  0.10000D+01
  0.00000D+00  0.38293D+00  0.00000D+00  0.00000D+00  0.00000D+00  0.10000D+01
  0.00000D+00  0.00000D+00  0.38948D+00  0.00000D+00  0.00000D+00  0.10000D+01
  0.10000D+01  0.75263D+00  0.10000D+01  0.71794D+00  0.69802D+00  0.10000D+01
  0.00000D+00  0.00000D+00  0.00000D+00 -0.99158D-01  0.00000D+00  0.00000D+00
  0.00000D+00  0.00000D+00  0.19378D+00  0.00000D+00  0.00000D+00  0.00000D+00
  0.00000D+00  0.00000D+00  0.53930D+00
  0.00000D+00  0.00000D+00  0.00000D+00  0.00000D+00  0.00000D+00  0.00000D+00
  0.00000D+00  0.00000D+00  0.00000D+00
 -0.12403D-01 -0.32759D-01 -0.40513D-01  0.22046D+00  0.15922D+00  0.20503D+00
  0.10000D+01  0.10000D+01  0.10000D+01
  0.10000D+01  0.10000D+01  0.10000D+01  0.00000D+00  0.00000D+00  0.00000D+00
  0.10000D+01  0.10000D+01  0.10000D+01
  0.00000D+00  0.00000D+00  0.00000D+00  0.00000D+00  0.00000D+00  0.00000D+00
  0.00000D+00  0.00000D+00  0.00000D+00
  0.39642D+00  0.00000D+00  0.00000D+00  0.10000D+01  0.00000D+00  0.00000D+00
  0.00000D+00  0.41909D+00  0.00000D+00  0.10000D+01  0.00000D+00  0.00000D+00
  0.00000D+00  0.00000D+00  0.43740D+00  0.10000D+01  0.00000D+00  0.00000D+00
  0.20214D+00  0.00000D+00  0.00000D+00  0.00000D+00  0.10000D+01  0.00000D+00
  0.00000D+00  0.22226D+00  0.00000D+00  0.00000D+00  0.10000D+01  0.00000D+00
  0.00000D+00  0.00000D+00  0.21281D+00  0.00000D+00  0.10000D+01  0.00000D+00
  0.35440D+00  0.00000D+00  0.00000D+00  0.00000D+00  0.00000D+00  0.10000D+01
  0.00000D+00  0.38293D+00  0.00000D+00  0.00000D+00  0.00000D+00  0.12061D+01
  0.00000D+00  0.00000D+00  0.38948D+00  0.00000D+00  0.00000D+00  0.10000D+01
  0.10000D+01  0.75263D+00  0.10000D+01  0.71794D+00  0.69802D+00  0.10000D+01
  0.00000D+00  0.00000D+00  0.00000D+00 -0.99158D-01  0.00000D+00  0.00000D+00
  0.00000D+00  0.00000D+00  0.19378D+00  0.00000D+00  0.00000D+00  0.00000D+00
  0.00000D+00  0.00000D+00  0.53930D+00
  0.00000D+00  0.00000D+00  0.00000D+00  0.00000D+00  0.00000D+00  0.00000D+00
  0.00000D+00  0.00000D+00  0.00000D+00
 -0.12403D-01 -0.32759D-01 -0.40513D-01  0.10000D+01  0.10000D+01  0.10000D+01
  0.38655D+00  0.24911D+00  0.45718D+00
  0.10000D+01  0.10000D+01  0.10000D+01  0.10000D+01  0.10000D+01  0.10000D+01
  0.00000D+00  0.00000D+00  0.00000D+00
  0.00000D+00  0.00000D+00  0.00000D+00  0.00000D+00  0.00000D+00  0.00000D+00
  0.00000D+00  0.00000D+00  0.00000D+00
  0.39642D+00  0.00000D+00  0.00000D+00  0.10000D+01  0.00000D+00  0.00000D+00
  0.00000D+00  0.41909D+00  0.00000D+00  0.10000D+01  0.00000D+00  0.00000D+00
  0.00000D+00  0.00000D+00  0.43740D+00  0.10000D+01  0.00000D+00  0.00000D+00
  0.20214D+00  0.00000D+00  0.00000D+00  0.00000D+00  0.10000D+01  0.00000D+00
  0.00000D+00  0.22226D+00  0.00000D+00  0.00000D+00  0.10000D+01  0.00000D+00
  0.00000D+00  0.00000D+00  0.21281D+00  0.00000D+00  0.10000D+01  0.00000D+00
  0.35440D+00  0.00000D+00  0.00000D+00  0.00000D+00  0.00000D+00  0.10000D+01
  0.00000D+00  0.38293D+00  0.00000D+00  0.00000D+00  0.00000D+00  0.10000D+01
  0.00000D+00  0.00000D+00  0.38948D+00  0.00000D+00  0.00000D+00  0.10000D+01
  0.10000D+01  0.65105D+00  0.10000D+01  0.61037D+00  0.59141D+00  0.10000D+01
  0.00000D+00  0.00000D+00  0.00000D+00 -0.77879D-01  0.00000D+00  0.00000D+00
  0.00000D+00  0.00000D+00  0.19378D+00  0.00000D+00  0.00000D+00  0.00000D+00
  0.00000D+00  0.00000D+00  0.53930D+00
  0.00000D+00  0.00000D+00  0.00000D+00  0.00000D+00  0.00000D+00  0.00000D+00
  0.00000D+00  0.00000D+00  0.00000D+00
 -0.31150D-01 -0.46172D-01 -0.61296D-01  0.22724D+00  0.19775D+00  0.25835D+00
  0.10000D+01  0.10000D+01  0.10000D+01
  0.10000D+01  0.10000D+01  0.10000D+01  0.00000D+00  0.00000D+00  0.00000D+00
  0.10000D+01  0.10000D+01  0.10000D+01
  0.00000D+00  0.00000D+00  0.00000D+00  0.00000D+00  0.00000D+00  0.00000D+00
  0.00000D+00  0.00000D+00  0.00000D+00
  0.39642D+00  0.00000D+00  0.00000D+00  0.10000D+01  0.00000D+00  0.00000D+00
  0.00000D+00  0.41909D+00  0.00000D+00  0.10000D+01  0.00000D+00  0.00000D+00
  0.00000D+00  0.00000D+00  0.43740D+00  0.10000D+01  0.00000D+00  0.00000D+00
  0.20214D+00  0.00000D+00  0.00000D+00  0.00000D+00  0.10000D+01  0.00000D+00
  0.00000D+00  0.22226D+00  0.00000D+00  0.00000D+00  0.10000D+01  0.00000D+00
  0.00000D+00  0.00000D+00  0.21281D+00  0.00000D+00  0.10000D+01  0.00000D+00
  0.35440D+00  0.00000D+00  0.00000D+00  0.00000D+00  0.00000D+00  0.10000D+01
  0.00000D+00  0.38293D+00  0.00000D+00  0.00000D+00  0.00000D+00  0.10000D+01
  0.00000D+00  0.00000D+00  0.38948D+00  0.00000D+00  0.00000D+00  0.10000D+01
  0.10000D+01  0.65105D+00  0.10000D+01  0.61037D+00  0.59141D+00  0.10000D+01
  0.00000D+00  0.00000D+00  0.00000D+00 -0.77879D-01  0.00000D+00  0.00000D+00
  0.00000D+00  0.00000D+00  0.19378D+00  0.00000D+00  0.00000D+00  0.00000D+00
  0.15624D-01  0.00000D+00  0.53930D+00
  0.00000D+00  0.00000D+00  0.00000D+00  0.00000D+00  0.00000D+00  0.00000D+00
  0.00000D+00  0.00000D+00  0.00000D+00
 -0.31150D-01 -0.46172D-01 -0.61296D-01  0.10000D+01  0.10000D+01  0.10000D+01
  0.62816D+00  0.41194D+00  0.54093D+00
